[gd_scene load_steps=9 format=2]

[ext_resource path="res://player/Player.tscn" type="PackedScene" id=1]
[ext_resource path="res://level/Mountain.tscn" type="PackedScene" id=2]
[ext_resource path="res://Main.gd" type="Script" id=3]
[ext_resource path="res://level/HandHeld.tscn" type="PackedScene" id=4]
[ext_resource path="res://HUD.tscn" type="PackedScene" id=5]
[ext_resource path="res://level/SummitZone.tscn" type="PackedScene" id=6]

[sub_resource type="ProceduralSky" id=1]
ground_bottom_color = Color( 0.686275, 0.870588, 0.941176, 1 )
sun_longitude = 180.0

[sub_resource type="Environment" id=2]
background_mode = 2
background_sky = SubResource( 1 )
ambient_light_color = Color( 0.364706, 0.364706, 0.364706, 1 )
ambient_light_sky_contribution = 0.2
tonemap_mode = 3
tonemap_white = 6.57

[node name="Main" type="Spatial"]
script = ExtResource( 3 )

[node name="Player" parent="." instance=ExtResource( 1 )]

[node name="Mountain" parent="." instance=ExtResource( 2 )]
transform = Transform( 0.955263, 0, -0.295758, 0, 1, 0, 0.295758, 0, 0.955263, -2.27768, 0.47688, 1.87077 )

[node name="HandHelds" type="Spatial" parent="Mountain"]
transform = Transform( 1, 0, 2.98023e-08, 0, 1, 0, -2.98023e-08, 0, 1, -8.34465e-07, 0, -2.6226e-06 )

[node name="HandHeld01" parent="Mountain/HandHelds" instance=ExtResource( 4 )]
transform = Transform( 0.794436, 0, 0.607348, 0, 1, 0, -0.607348, 0, 0.794436, -0.943271, 1.36957, -3.05975 )

[node name="HandHeld02" parent="Mountain/HandHelds" instance=ExtResource( 4 )]
transform = Transform( 0.794436, 0, 0.607348, 0, 1, 0, -0.607348, 0, 0.794436, -1.39906, 1.70593, -2.84253 )

[node name="HandHeld03" parent="Mountain/HandHelds" instance=ExtResource( 4 )]
transform = Transform( 0.794436, 0, 0.607348, 0, 1, 0, -0.607348, 0, 0.794436, -0.965372, 2.21059, -3.0301 )

[node name="HandHeld04" parent="Mountain/HandHelds" instance=ExtResource( 4 )]
transform = Transform( 0.794436, 0, 0.607348, 0, 1, 0, -0.607348, 0, 0.794436, -1.59707, 2.60345, -2.79652 )

[node name="HandHeld05" parent="Mountain/HandHelds" instance=ExtResource( 4 )]
transform = Transform( 0.794436, 0, 0.607348, 0, 1, 0, -0.607348, 0, 0.794436, -1.20901, 3.20775, -3.04737 )

[node name="HandHeld06" parent="Mountain/HandHelds" instance=ExtResource( 4 )]
transform = Transform( 0.889432, 0, 0.457067, 0, 1, 0, -0.457067, 0, 0.889432, -1.83244, 3.78627, -2.82693 )

[node name="HandHeld07" parent="Mountain/HandHelds" instance=ExtResource( 4 )]
transform = Transform( 0.956392, 0, 0.292088, 0, 1, 0, -0.292088, 0, 0.956392, -1.21244, 4.66406, -2.90841 )

[node name="HandHeld08" parent="Mountain/HandHelds" instance=ExtResource( 4 )]
transform = Transform( 0.978314, 0, 0.207126, 0, 1, 0, -0.207126, 0, 0.978314, -1.74291, 5.15306, -2.89794 )

[node name="HandHeld09" parent="Mountain/HandHelds" instance=ExtResource( 4 )]
transform = Transform( 0.978314, 0, 0.207126, 0, 1, 0, -0.207126, 0, 0.978314, -0.775526, 5.5693, -2.91167 )

[node name="HandHeld15" parent="Mountain/HandHelds" instance=ExtResource( 4 )]
transform = Transform( 0.978314, 0, 0.207126, 0, 1, 0, -0.207126, 0, 0.978314, -0.775526, 6.74512, -2.91167 )

[node name="HandHeld18" parent="Mountain/HandHelds" instance=ExtResource( 4 )]
transform = Transform( 0.849883, 0, 0.52697, 0, 1, 0, -0.52697, 0, 0.849883, -1.48109, 9.34196, -3.10073 )

[node name="HandHeld19" parent="Mountain/HandHelds" instance=ExtResource( 4 )]
transform = Transform( 0.849883, 0, 0.52697, 0, 1, 0, -0.52697, 0, 0.849883, -1.05384, 9.34227, -3.63674 )

[node name="HandHeld20" parent="Mountain/HandHelds" instance=ExtResource( 4 )]
transform = Transform( 0.849883, 0, 0.52697, 0, 1, 0, -0.52697, 0, 0.849883, -0.878093, 7.99839, -3.1298 )

[node name="HandHeld21" parent="Mountain/HandHelds" instance=ExtResource( 4 )]
transform = Transform( 0.742899, 0, 0.669402, 0, 1, 0, -0.669402, 0, 0.742899, -1.12599, 8.38407, -3.28911 )

[node name="HandHeld22" parent="Mountain/HandHelds" instance=ExtResource( 4 )]
transform = Transform( 0.742899, 0, 0.669402, 0, 1, 0, -0.669402, 0, 0.742899, -1.49947, 12.7147, -2.86767 )

[node name="HandHeld23" parent="Mountain/HandHelds" instance=ExtResource( 4 )]
transform = Transform( 0.742899, 0, 0.669402, 0, 1, 0, -0.669402, 0, 0.742899, -0.654935, 12.7149, -3.32877 )

[node name="HandHeld24" parent="Mountain/HandHelds" instance=ExtResource( 4 )]
transform = Transform( 0.861549, 0, 0.507673, 0, 1, 0, -0.507673, 0, 0.861549, -1.11638, 15.1629, -3.19225 )

[node name="HandHeld61" parent="Mountain/HandHelds" instance=ExtResource( 4 )]
transform = Transform( 0.861549, 0, 0.507673, 0, 1, 0, -0.507673, 0, 0.861549, -1.2104, 16.8925, -3.2889 )

[node name="HandHeld62" parent="Mountain/HandHelds" instance=ExtResource( 4 )]
transform = Transform( 0.861549, 0, 0.507673, 0, 1, 0, -0.507673, 0, 0.861549, -1.2104, 16.8925, -3.2889 )

[node name="HandHeld63" parent="Mountain/HandHelds" instance=ExtResource( 4 )]
transform = Transform( 0.861549, 0, 0.507673, 0, 1, 0, -0.507673, 0, 0.861549, -1.9025, 16.8925, -3.00515 )

[node name="HandHeld25" parent="Mountain/HandHelds" instance=ExtResource( 4 )]
transform = Transform( 0.861549, 0, 0.507673, 0, 1, 0, -0.507673, 0, 0.861549, -1.20923, 17.4054, -3.49213 )

[node name="HandHeld26" parent="Mountain/HandHelds" instance=ExtResource( 4 )]
transform = Transform( 0.567886, 0, 0.823106, 0, 1, 0, -0.823106, 0, 0.567886, -1.71056, 15.8363, -2.6354 )

[node name="HandHeld27" parent="Mountain/HandHelds" instance=ExtResource( 4 )]
transform = Transform( 0.711216, 0, 0.702972, 0, 1, 0, -0.702972, 0, 0.711216, -0.667197, 17.6018, -3.71287 )

[node name="HandHeld28" parent="Mountain/HandHelds" instance=ExtResource( 4 )]
transform = Transform( 0.719726, 0, 0.694256, 0, 1, 0, -0.694256, 0, 0.719726, -0.44144, 15.7448, -3.80347 )

[node name="HandHeld29" parent="Mountain/HandHelds" instance=ExtResource( 4 )]
transform = Transform( 0.719726, 0, 0.694256, 0, 1, 0, -0.694256, 0, 0.719726, -1.92292, 17.8042, -3.25921 )

[node name="HandHeld64" parent="Mountain/HandHelds" instance=ExtResource( 4 )]
transform = Transform( 0.914344, 0, 0.404934, 0, 1, 0, -0.404934, 0, 0.914344, -1.49733, 18.6254, -3.61692 )

[node name="HandHeld65" parent="Mountain/HandHelds" instance=ExtResource( 4 )]
transform = Transform( 0.914344, 0, 0.404934, 0, 1, 0, -0.404934, 0, 0.914344, -2.02245, 18.6254, -3.3623 )

[node name="HandHeld66" parent="Mountain/HandHelds" instance=ExtResource( 4 )]
transform = Transform( 0.914344, 0, 0.404934, 0, 1, 0, -0.404934, 0, 0.914344, -0.716998, 18.6254, -3.86004 )

[node name="HandHeld67" parent="Mountain/HandHelds" instance=ExtResource( 4 )]
transform = Transform( 0.914344, 0, 0.404934, 0, 1, 0, -0.404934, 0, 0.914344, -1.17161, 19.7676, -3.83381 )

[node name="HandHeld120" parent="Mountain/HandHelds" instance=ExtResource( 4 )]
transform = Transform( 0.914344, 0, 0.404934, 0, 1, 0, -0.404934, 0, 0.914344, -0.517766, 19.7676, -3.97755 )

[node name="HandHeld121" parent="Mountain/HandHelds" instance=ExtResource( 4 )]
transform = Transform( 0.914344, 0, 0.404934, 0, 1, 0, -0.404934, 0, 0.914344, -2.61998, 19.7676, -2.70982 )

[node name="HandHeld122" parent="Mountain/HandHelds" instance=ExtResource( 4 )]
transform = Transform( 0.914344, 0, 0.404934, 0, 1, 0, -0.404934, 0, 0.914344, -2.2251, 17.8373, -2.85714 )

[node name="HandHeld123" parent="Mountain/HandHelds" instance=ExtResource( 4 )]
transform = Transform( 0.808215, 0, 0.588886, 0, 1, 0, -0.588886, 0, 0.808215, -2.71463, 19.9381, -3.68864 )

[node name="HandHeld124" parent="Mountain/HandHelds" instance=ExtResource( 4 )]
transform = Transform( 0.808215, 0, 0.588886, 0, 1, 0, -0.588886, 0, 0.808215, -2.7852, 21.2108, -3.80291 )

[node name="HandHeld125" parent="Mountain/HandHelds" instance=ExtResource( 4 )]
transform = Transform( 0.808215, 0, 0.588886, 0, 1, 0, -0.588886, 0, 0.808215, -1.80015, 21.2108, -4.27509 )

[node name="HandHeld68" parent="Mountain/HandHelds" instance=ExtResource( 4 )]
transform = Transform( 0.914344, 0, 0.404934, 0, 1, 0, -0.404934, 0, 0.914344, -1.97377, 19.7676, -3.65951 )

[node name="HandHeld69" parent="Mountain/HandHelds" instance=ExtResource( 4 )]
transform = Transform( 0.914344, 0, 0.404934, 0, 1, 0, -0.404934, 0, 0.914344, 0.0220444, 19.7676, -4.21874 )

[node name="HandHeld70" parent="Mountain/HandHelds" instance=ExtResource( 4 )]
transform = Transform( 0.914344, 0, 0.404934, 0, 1, 0, -0.404934, 0, 0.914344, -2.38054, 19.7676, -3.43017 )

[node name="HandHeld30" parent="Mountain/HandHelds" instance=ExtResource( 4 )]
transform = Transform( 0.719726, 0, 0.694256, 0, 1, 0, -0.694256, 0, 0.719726, -0.127486, 17.8042, -4.18219 )

[node name="HandHeld31" parent="Mountain/HandHelds" instance=ExtResource( 4 )]
transform = Transform( 0.719726, 0, 0.694256, 0, 1, 0, -0.694256, 0, 0.719726, -1.12789, 21.1286, -4.46528 )

[node name="HandHeld32" parent="Mountain/HandHelds" instance=ExtResource( 4 )]
transform = Transform( 0.719726, 0, 0.694256, 0, 1, 0, -0.694256, 0, 0.719726, -2.2321, 21.1286, -3.93711 )

[node name="HandHeld71" parent="Mountain/HandHelds" instance=ExtResource( 4 )]
transform = Transform( 0.719726, 0, 0.694256, 0, 1, 0, -0.694256, 0, 0.719726, -2.32702, 21.9589, -3.91736 )

[node name="HandHeld72" parent="Mountain/HandHelds" instance=ExtResource( 4 )]
transform = Transform( 0.719726, 0, 0.694256, 0, 1, 0, -0.694256, 0, 0.719726, -1.21815, 21.9589, -4.5438 )

[node name="HandHeld73" parent="Mountain/HandHelds" instance=ExtResource( 4 )]
transform = Transform( 0.735221, 0, 0.677826, 0, 1, 0, -0.677826, 0, 0.735221, -0.60525, 21.9589, -4.96669 )

[node name="HandHeld33" parent="Mountain/HandHelds" instance=ExtResource( 4 )]
transform = Transform( 0.719726, 0, 0.694256, 0, 1, 0, -0.694256, 0, 0.719726, -1.84227, 23.7446, -4.30791 )

[node name="HandHeld38" parent="Mountain/HandHelds" instance=ExtResource( 4 )]
transform = Transform( 0.719726, 0, 0.694256, 0, 1, 0, -0.694256, 0, 0.719726, -1.77915, 22.2979, -4.24689 )

[node name="HandHeld34" parent="Mountain/HandHelds" instance=ExtResource( 4 )]
transform = Transform( 0.719726, 0, 0.694256, 0, 1, 0, -0.694256, 0, 0.719726, -0.425714, 23.7439, -4.77165 )

[node name="HandHeld35" parent="Mountain/HandHelds" instance=ExtResource( 4 )]
transform = Transform( 0.719726, 0, 0.694256, 0, 1, 0, -0.694256, 0, 0.719726, -2.52323, 24.4272, -4.02201 )

[node name="HandHeld36" parent="Mountain/HandHelds" instance=ExtResource( 4 )]
transform = Transform( 0.719726, 0, 0.694256, 0, 1, 0, -0.694256, 0, 0.719726, -2.69211, 26.8845, -4.18765 )

[node name="HandHeld48" parent="Mountain/HandHelds" instance=ExtResource( 4 )]
transform = Transform( 0.870698, 0, 0.491816, 0, 1, 0, -0.491816, 0, 0.870698, -1.63853, 28.304, -4.33432 )

[node name="HandHeld37" parent="Mountain/HandHelds" instance=ExtResource( 4 )]
transform = Transform( 0.719726, 0, 0.694256, 0, 1, 0, -0.694256, 0, 0.719726, -0.946901, 26.8798, -4.34526 )

[node name="HandHeld74" parent="Mountain/HandHelds" instance=ExtResource( 4 )]
transform = Transform( 0.719726, 0, 0.694256, 0, 1, 0, -0.694256, 0, 0.719726, -1.16595, 27.8212, -4.63734 )

[node name="HandHeld75" parent="Mountain/HandHelds" instance=ExtResource( 4 )]
transform = Transform( 0.719726, 0, 0.694256, 0, 1, 0, -0.694256, 0, 0.719726, -2.22829, 27.8212, -4.32983 )

[node name="HandHeld76" parent="Mountain/HandHelds" instance=ExtResource( 4 )]
transform = Transform( 0.719726, 0, 0.694256, 0, 1, 0, -0.694256, 0, 0.719726, -0.664696, 26.358, -4.86021 )

[node name="HandHeld77" parent="Mountain/HandHelds" instance=ExtResource( 4 )]
transform = Transform( 0.719726, 0, 0.694256, 0, 1, 0, -0.694256, 0, 0.719726, -0.938411, 22.465, -4.74685 )

[node name="HandHeld119" parent="Mountain/HandHelds" instance=ExtResource( 4 )]
transform = Transform( 0.954323, 0, 0.298775, 0, 1, 0, -0.298775, 0, 0.954323, -1.26152, 23.9046, -4.55855 )

[node name="HandHeld78" parent="Mountain/HandHelds" instance=ExtResource( 4 )]
transform = Transform( 0.719726, 0, 0.694256, 0, 1, 0, -0.694256, 0, 0.719726, -0.190637, 24.5056, -4.89429 )

[node name="HandHeld79" parent="Mountain/HandHelds" instance=ExtResource( 4 )]
transform = Transform( 0.719726, 0, 0.694256, 0, 1, 0, -0.694256, 0, 0.719726, -2.002, 24.5056, -4.33224 )

[node name="HandHeld80" parent="Mountain/HandHelds" instance=ExtResource( 4 )]
transform = Transform( 0.719726, 0, 0.694256, 0, 1, 0, -0.694256, 0, 0.719726, -2.38997, 26.7639, -4.2498 )

[node name="HandHeld81" parent="Mountain/HandHelds" instance=ExtResource( 4 )]
transform = Transform( 0.719726, 0, 0.694256, 0, 1, 0, -0.694256, 0, 0.719726, -0.752458, 26.7639, -4.93933 )

[node name="HandHeld39" parent="Mountain/HandHelds" instance=ExtResource( 4 )]
transform = Transform( 0.719726, 0, 0.694256, 0, 1, 0, -0.694256, 0, 0.719726, -0.822099, 27.5167, -5.09545 )

[node name="HandHeld47" parent="Mountain/HandHelds" instance=ExtResource( 4 )]
transform = Transform( 0.719726, 0, 0.694256, 0, 1, 0, -0.694256, 0, 0.719726, -1.45372, 26.8419, -4.29812 )

[node name="HandHeld40" parent="Mountain/HandHelds" instance=ExtResource( 4 )]
transform = Transform( 0.719726, 0, 0.694256, 0, 1, 0, -0.694256, 0, 0.719726, -1.68744, 30.3956, -4.28972 )

[node name="HandHeld99" parent="Mountain/HandHelds" instance=ExtResource( 4 )]
transform = Transform( 0.719726, 0, 0.694256, 0, 1, 0, -0.694256, 0, 0.719726, -1.24024, 30.3956, -4.89661 )

[node name="HandHeld100" parent="Mountain/HandHelds" instance=ExtResource( 4 )]
transform = Transform( 0.719726, 0, 0.694256, 0, 1, 0, -0.694256, 0, 0.719726, -1.38029, 29.8328, -4.8352 )

[node name="HandHeld101" parent="Mountain/HandHelds" instance=ExtResource( 4 )]
transform = Transform( 0.719726, 0, 0.694256, 0, 1, 0, -0.694256, 0, 0.719726, -1.05924, 28.1458, -5.12839 )

[node name="HandHeld102" parent="Mountain/HandHelds" instance=ExtResource( 4 )]
transform = Transform( 0.855534, 0, 0.517743, 0, 1, 0, -0.517743, 0, 0.855534, 0.0488145, 31.1651, -5.4275 )

[node name="HandHeld103" parent="Mountain/HandHelds" instance=ExtResource( 4 )]
transform = Transform( 0.855534, 0, 0.517743, 0, 1, 0, -0.517743, 0, 0.855534, -0.459724, 32.5543, -5.07939 )

[node name="HandHeld104" parent="Mountain/HandHelds" instance=ExtResource( 4 )]
transform = Transform( 0.849099, 0, 0.528231, 0, 1, 0, -0.528231, 0, 0.849099, -2.29442, 32.8675, -4.50545 )

[node name="HandHeld41" parent="Mountain/HandHelds" instance=ExtResource( 4 )]
transform = Transform( 0.719726, 0, 0.694256, 0, 1, 0, -0.694256, 0, 0.719726, -3.14889, 30.3956, -4.01793 )

[node name="HandHeld42" parent="Mountain/HandHelds" instance=ExtResource( 4 )]
transform = Transform( 0.719726, 0, 0.694256, 0, 1, 0, -0.694256, 0, 0.719726, -1.39143, 30.3956, -4.87098 )

[node name="HandHeld82" parent="Mountain/HandHelds" instance=ExtResource( 4 )]
transform = Transform( 0.719726, 0, 0.694256, 0, 1, 0, -0.694256, 0, 0.719726, -1.57361, 31.1678, -4.5138 )

[node name="HandHeld83" parent="Mountain/HandHelds" instance=ExtResource( 4 )]
transform = Transform( 0.719726, 0, 0.694256, 0, 1, 0, -0.694256, 0, 0.719726, -1.68978, 32.4971, -4.37581 )

[node name="HandHeld84" parent="Mountain/HandHelds" instance=ExtResource( 4 )]
transform = Transform( 0.719726, 0, 0.694256, 0, 1, 0, -0.694256, 0, 0.719726, -1.18055, 33.4445, -4.52223 )

[node name="HandHeld85" parent="Mountain/HandHelds" instance=ExtResource( 4 )]
transform = Transform( 0.925215, 0, 0.37944, 0, 1, 0, -0.37944, 0, 0.925215, -2.46704, 33.4445, -4.04199 )

[node name="HandHeld86" parent="Mountain/HandHelds" instance=ExtResource( 4 )]
transform = Transform( 0.925215, 0, 0.37944, 0, 1, 0, -0.37944, 0, 0.925215, -2.47466, 34.7112, -3.74807 )

[node name="HandHeld87" parent="Mountain/HandHelds" instance=ExtResource( 4 )]
transform = Transform( 0.925215, 0, 0.37944, 0, 1, 0, -0.37944, 0, 0.925215, -2.08377, 34.7112, -3.79422 )

[node name="HandHeld88" parent="Mountain/HandHelds" instance=ExtResource( 4 )]
transform = Transform( 0.925215, 0, 0.37944, 0, 1, 0, -0.37944, 0, 0.925215, -0.453834, 34.7112, -5.4117 )

[node name="HandHeld43" parent="Mountain/HandHelds" instance=ExtResource( 4 )]
transform = Transform( 0.999995, 0, -0.00259984, 0, 1, 0, 0.00259984, 0, 0.999995, 0.0747406, 27.2974, -5.36662 )

[node name="HandHeld44" parent="Mountain/HandHelds" instance=ExtResource( 4 )]
transform = Transform( 0.999995, 0, -0.00259969, 0, 1, 0, 0.00259969, 0, 0.999995, -0.143097, 30.3639, -5.30021 )

[node name="HandHeld56" parent="Mountain/HandHelds" instance=ExtResource( 4 )]
transform = Transform( 0.860865, 0, 0.508831, 0, 1, 0, -0.508831, 0, 0.860865, -0.703976, 32.2823, -4.87376 )

[node name="HandHeld45" parent="Mountain/HandHelds" instance=ExtResource( 4 )]
transform = Transform( 0.936927, 0, 0.349521, 0, 1, 0, -0.349521, 0, 0.936927, -2.10259, 30.3639, -4.15468 )

[node name="HandHeld46" parent="Mountain/HandHelds" instance=ExtResource( 4 )]
transform = Transform( 0.936927, 0, 0.349521, 0, 1, 0, -0.349521, 0, 0.936927, -2.67804, 30.3639, -4.17709 )

[node name="HandHeld49" parent="Mountain/HandHelds" instance=ExtResource( 4 )]
transform = Transform( 0.78934, 0, 0.613955, 0, 1, 0, -0.613955, 0, 0.78934, -1.62551, 31.6629, -4.40943 )

[node name="HandHeld50" parent="Mountain/HandHelds" instance=ExtResource( 4 )]
transform = Transform( 0.78934, 0, 0.613955, 0, 1, 0, -0.613955, 0, 0.78934, -1.24452, 35.2124, -4.73891 )

[node name="HandHeld114" parent="Mountain/HandHelds" instance=ExtResource( 4 )]
transform = Transform( 0.78934, 0, 0.613955, 0, 1, 0, -0.613955, 0, 0.78934, -0.778419, 33.8008, -5.0251 )

[node name="HandHeld115" parent="Mountain/HandHelds" instance=ExtResource( 4 )]
transform = Transform( 0.78934, 0, 0.613955, 0, 1, 0, -0.613955, 0, 0.78934, -0.295448, 34.8499, -5.40363 )

[node name="HandHeld116" parent="Mountain/HandHelds" instance=ExtResource( 4 )]
transform = Transform( 0.78934, 0, 0.613955, 0, 1, 0, -0.613955, 0, 0.78934, -0.364307, 33.7372, -5.08235 )

[node name="HandHeld111" parent="Mountain/HandHelds" instance=ExtResource( 4 )]
transform = Transform( 0.78934, 0, 0.613955, 0, 1, 0, -0.613955, 0, 0.78934, -1.60177, 35.2124, -4.28973 )

[node name="HandHeld112" parent="Mountain/HandHelds" instance=ExtResource( 4 )]
transform = Transform( 0.78934, 0, 0.613955, 0, 1, 0, -0.613955, 0, 0.78934, -1.87074, 35.745, -4.1877 )

[node name="HandHeld113" parent="Mountain/HandHelds" instance=ExtResource( 4 )]
transform = Transform( 0.78934, 0, 0.613955, 0, 1, 0, -0.613955, 0, 0.78934, -2.18628, 36.2602, -4.04282 )

[node name="HandHeld126" parent="Mountain/HandHelds" instance=ExtResource( 4 )]
transform = Transform( 0.78934, 0, 0.613955, 0, 1, 0, -0.613955, 0, 0.78934, -1.70631, 35.7755, -4.43752 )

[node name="HandHeld127" parent="Mountain/HandHelds" instance=ExtResource( 4 )]
transform = Transform( 0.78934, 0, 0.613955, 0, 1, 0, -0.613955, 0, 0.78934, -1.9708, 37.6305, -4.31799 )

[node name="HandHeld60" parent="Mountain/HandHelds" instance=ExtResource( 4 )]
transform = Transform( 0.78934, 0, 0.613955, 0, 1, 0, -0.613955, 0, 0.78934, -1.82245, 36.3073, -4.52254 )

[node name="HandHeld51" parent="Mountain/HandHelds" instance=ExtResource( 4 )]
transform = Transform( 0.78934, 0, 0.613955, 0, 1, 0, -0.613955, 0, 0.78934, -1.83094, 35.2124, -3.92954 )

[node name="HandHeld52" parent="Mountain/HandHelds" instance=ExtResource( 4 )]
transform = Transform( 0.902148, 0, 0.431425, 0, 1, 0, -0.431425, 0, 0.902148, -0.657149, 35.2124, -5.24272 )

[node name="HandHeld89" parent="Mountain/HandHelds" instance=ExtResource( 4 )]
transform = Transform( 0.902148, 0, 0.431425, 0, 1, 0, -0.431425, 0, 0.902148, -1.18636, 35.2124, -4.94763 )

[node name="HandHeld90" parent="Mountain/HandHelds" instance=ExtResource( 4 )]
transform = Transform( 0.902148, 0, 0.431425, 0, 1, 0, -0.431425, 0, 0.902148, -1.77309, 36.7515, -4.87067 )

[node name="HandHeld91" parent="Mountain/HandHelds" instance=ExtResource( 4 )]
transform = Transform( 0.902148, 0, 0.431425, 0, 1, 0, -0.431425, 0, 0.902148, -1.81158, 38.9528, -4.96289 )

[node name="HandHeld106" parent="Mountain/HandHelds" instance=ExtResource( 4 )]
transform = Transform( 0.902148, 0, 0.431425, 0, 1, 0, -0.431425, 0, 0.902148, -1.81158, 37.5489, -4.96289 )

[node name="HandHeld117" parent="Mountain/HandHelds" instance=ExtResource( 4 )]
transform = Transform( 0.902148, 0, 0.431425, 0, 1, 0, -0.431425, 0, 0.902148, -2.14715, 37.5489, -4.76107 )

[node name="HandHeld118" parent="Mountain/HandHelds" instance=ExtResource( 4 )]
transform = Transform( 0.902148, 0, 0.431425, 0, 1, 0, -0.431425, 0, 0.902148, -2.55812, 37.5489, -4.15651 )

[node name="HandHeld107" parent="Mountain/HandHelds" instance=ExtResource( 4 )]
transform = Transform( 0.902148, 0, 0.431425, 0, 1, 0, -0.431425, 0, 0.902148, -1.26131, 38.4445, -5.26703 )

[node name="HandHeld108" parent="Mountain/HandHelds" instance=ExtResource( 4 )]
transform = Transform( 0.902148, 0, 0.431425, 0, 1, 0, -0.431425, 0, 0.902148, -1.31982, 39.6277, -5.45916 )

[node name="HandHeld109" parent="Mountain/HandHelds" instance=ExtResource( 4 )]
transform = Transform( 0.902148, 0, 0.431425, 0, 1, 0, -0.431425, 0, 0.902148, -2.51347, 38.8273, -4.84158 )

[node name="HandHeld110" parent="Mountain/HandHelds" instance=ExtResource( 4 )]
transform = Transform( 0.902148, 0, 0.431425, 0, 1, 0, -0.431425, 0, 0.902148, -2.10841, 39.7301, -5.56628 )

[node name="HandHeld92" parent="Mountain/HandHelds" instance=ExtResource( 4 )]
transform = Transform( 0.902148, 0, 0.431425, 0, 1, 0, -0.431425, 0, 0.902148, -0.782441, 38.456, -5.19345 )

[node name="HandHeld93" parent="Mountain/HandHelds" instance=ExtResource( 4 )]
transform = Transform( 0.902148, 0, 0.431425, 0, 1, 0, -0.431425, 0, 0.902148, -2.46138, 38.456, -4.71283 )

[node name="HandHeld94" parent="Mountain/HandHelds" instance=ExtResource( 4 )]
transform = Transform( 0.902148, 0, 0.431425, 0, 1, 0, -0.431425, 0, 0.902148, -2.38471, 39.2986, -5.14366 )

[node name="HandHeld95" parent="Mountain/HandHelds" instance=ExtResource( 4 )]
transform = Transform( 0.902148, 0, 0.431425, 0, 1, 0, -0.431425, 0, 0.902148, -1.78567, 39.2986, -5.31296 )

[node name="HandHeld96" parent="Mountain/HandHelds" instance=ExtResource( 4 )]
transform = Transform( 0.902148, 0, 0.431425, 0, 1, 0, -0.431425, 0, 0.902148, -0.767233, 39.2986, -5.54361 )

[node name="HandHeld97" parent="Mountain/HandHelds" instance=ExtResource( 4 )]
transform = Transform( 0.902148, 0, 0.431425, 0, 1, 0, -0.431425, 0, 0.902148, -1.30405, 36.7857, -5.17377 )

[node name="HandHeld98" parent="Mountain/HandHelds" instance=ExtResource( 4 )]
transform = Transform( 0.902148, 0, 0.431425, 0, 1, 0, -0.431425, 0, 0.902148, -2.02262, 34.4407, -4.34816 )

[node name="HandHeld53" parent="Mountain/HandHelds" instance=ExtResource( 4 )]
transform = Transform( 0.902148, 0, 0.431425, 0, 1, 0, -0.431425, 0, 0.902148, -2.89673, 35.2124, -3.41925 )

[node name="HandHeld54" parent="Mountain/HandHelds" instance=ExtResource( 4 )]
transform = Transform( 0.902148, 0, 0.431425, 0, 1, 0, -0.431425, 0, 0.902148, -2.60181, 36.9265, -3.84258 )

[node name="HandHeld105" parent="Mountain/HandHelds" instance=ExtResource( 4 )]
transform = Transform( 0.902148, 0, 0.431425, 0, 1, 0, -0.431425, 0, 0.902148, -2.13181, 35.5728, -4.00668 )

[node name="HandHeld55" parent="Mountain/HandHelds" instance=ExtResource( 4 )]
transform = Transform( 0.8005, 0, 0.599331, 0, 1, 0, -0.599331, 0, 0.8005, -2.1427, 36.9272, -4.30119 )

[node name="HandHeld57" parent="Mountain/HandHelds" instance=ExtResource( 4 )]
transform = Transform( 0.800499, 0, 0.599331, 0, 1, 0, -0.599331, 0, 0.800499, -1.44256, 37.7839, -5.0121 )

[node name="HandHeld58" parent="Mountain/HandHelds" instance=ExtResource( 4 )]
transform = Transform( 0.800499, 0, 0.599331, 0, 1, 0, -0.599331, 0, 0.800499, -2.28665, 37.7839, -4.52128 )

[node name="HandHeld59" parent="Mountain/HandHelds" instance=ExtResource( 4 )]
transform = Transform( 0.800499, 0, 0.599331, 0, 1, 0, -0.599331, 0, 0.800499, -0.239582, 37.7839, -5.45252 )

[node name="HandHeld16" parent="Mountain/HandHelds" instance=ExtResource( 4 )]
transform = Transform( 0.978314, 0, 0.207126, 0, 1, 0, -0.207126, 0, 0.978314, -0.803375, 8.63317, -3.694 )

[node name="HandHeld10" parent="Mountain/HandHelds" instance=ExtResource( 4 )]
transform = Transform( 0.987061, 0, -0.160346, 0, 1, 0, 0.160346, 0, 0.987061, -1.54479, 6.27104, -2.89179 )

[node name="HandHeld11" parent="Mountain/HandHelds" instance=ExtResource( 4 )]
transform = Transform( 0.969063, 0, 0.246813, 0, 1, 0, -0.246813, 0, 0.969063, -1.32355, 7.10951, -2.75386 )

[node name="HandHeld17" parent="Mountain/HandHelds" instance=ExtResource( 4 )]
transform = Transform( 0.969063, 0, 0.246813, 0, 1, 0, -0.246813, 0, 0.969063, 132.136, -741.303, -117.637 )

[node name="HandHeld12" parent="Mountain/HandHelds" instance=ExtResource( 4 )]
transform = Transform( 0.969063, 0, 0.246813, 0, 1, 0, -0.246813, 0, 0.969063, -1.87637, 7.461, -2.81402 )

[node name="HandHeld13" parent="Mountain/HandHelds" instance=ExtResource( 4 )]
transform = Transform( 0.969063, 0, 0.246813, 0, 1, 0, -0.246813, 0, 0.969063, -1.85772, 8.05458, -2.74078 )

[node name="HandHeld14" parent="Mountain/HandHelds" instance=ExtResource( 4 )]
transform = Transform( 0.969063, 0, 0.246813, 0, 1, 0, -0.246813, 0, 0.969063, -2.48582, 8.16987, -2.81184 )

[node name="Mountain2" parent="." instance=ExtResource( 2 )]
transform = Transform( 0.955263, 0, -0.295758, 0, 1, 0, 0.295758, 0, 0.955263, 0, -0.591387, 2.45599 )

[node name="HandHelds" type="Spatial" parent="Mountain2"]
transform = Transform( 1, 0, 2.98023e-08, 0, 1, 0, -2.98023e-08, 0, 1, -8.34465e-07, 0, -2.6226e-06 )

[node name="HandHeld01" parent="Mountain2/HandHelds" instance=ExtResource( 4 )]
transform = Transform( 0.794436, 0, 0.607348, 0, 1, 0, -0.607348, 0, 0.794436, -0.943271, 1.36957, -3.05975 )

[node name="HandHeld02" parent="Mountain2/HandHelds" instance=ExtResource( 4 )]
transform = Transform( 0.794436, 0, 0.607348, 0, 1, 0, -0.607348, 0, 0.794436, -1.39906, 1.70593, -2.84253 )

[node name="HandHeld03" parent="Mountain2/HandHelds" instance=ExtResource( 4 )]
transform = Transform( 0.794436, 0, 0.607348, 0, 1, 0, -0.607348, 0, 0.794436, -0.965372, 2.21059, -3.0301 )

[node name="HandHeld04" parent="Mountain2/HandHelds" instance=ExtResource( 4 )]
transform = Transform( 0.794436, 0, 0.607348, 0, 1, 0, -0.607348, 0, 0.794436, -1.59707, 2.60345, -2.79652 )

[node name="HandHeld05" parent="Mountain2/HandHelds" instance=ExtResource( 4 )]
transform = Transform( 0.794436, 0, 0.607348, 0, 1, 0, -0.607348, 0, 0.794436, -1.20901, 3.20775, -3.04737 )

[node name="HandHeld06" parent="Mountain2/HandHelds" instance=ExtResource( 4 )]
transform = Transform( 0.889432, 0, 0.457067, 0, 1, 0, -0.457067, 0, 0.889432, -1.83244, 3.78627, -2.82693 )

[node name="HandHeld07" parent="Mountain2/HandHelds" instance=ExtResource( 4 )]
transform = Transform( 0.956392, 0, 0.292088, 0, 1, 0, -0.292088, 0, 0.956392, -1.21244, 4.66406, -2.90841 )

[node name="HandHeld08" parent="Mountain2/HandHelds" instance=ExtResource( 4 )]
transform = Transform( 0.978314, 0, 0.207126, 0, 1, 0, -0.207126, 0, 0.978314, -1.74291, 5.15306, -2.89794 )

[node name="HandHeld09" parent="Mountain2/HandHelds" instance=ExtResource( 4 )]
transform = Transform( 0.978314, 0, 0.207126, 0, 1, 0, -0.207126, 0, 0.978314, -0.775526, 5.5693, -2.91167 )

[node name="HandHeld15" parent="Mountain2/HandHelds" instance=ExtResource( 4 )]
transform = Transform( 0.978314, 0, 0.207126, 0, 1, 0, -0.207126, 0, 0.978314, -0.775526, 6.74512, -2.91167 )

[node name="HandHeld18" parent="Mountain2/HandHelds" instance=ExtResource( 4 )]
transform = Transform( 0.849883, 0, 0.52697, 0, 1, 0, -0.52697, 0, 0.849883, -1.48109, 9.34196, -3.10073 )

[node name="HandHeld19" parent="Mountain2/HandHelds" instance=ExtResource( 4 )]
transform = Transform( 0.849883, 0, 0.52697, 0, 1, 0, -0.52697, 0, 0.849883, -1.05384, 9.34227, -3.63674 )

[node name="HandHeld20" parent="Mountain2/HandHelds" instance=ExtResource( 4 )]
transform = Transform( 0.849883, 0, 0.52697, 0, 1, 0, -0.52697, 0, 0.849883, -0.878093, 7.99839, -3.1298 )

[node name="HandHeld21" parent="Mountain2/HandHelds" instance=ExtResource( 4 )]
transform = Transform( 0.742899, 0, 0.669402, 0, 1, 0, -0.669402, 0, 0.742899, -1.12599, 8.38407, -3.28911 )

[node name="HandHeld22" parent="Mountain2/HandHelds" instance=ExtResource( 4 )]
transform = Transform( 0.742899, 0, 0.669402, 0, 1, 0, -0.669402, 0, 0.742899, -1.49947, 12.7147, -2.86767 )

[node name="HandHeld23" parent="Mountain2/HandHelds" instance=ExtResource( 4 )]
transform = Transform( 0.742899, 0, 0.669402, 0, 1, 0, -0.669402, 0, 0.742899, -0.654935, 12.7149, -3.32877 )

[node name="HandHeld24" parent="Mountain2/HandHelds" instance=ExtResource( 4 )]
transform = Transform( 0.861549, 0, 0.507673, 0, 1, 0, -0.507673, 0, 0.861549, -1.11638, 15.1629, -3.19225 )

[node name="HandHeld61" parent="Mountain2/HandHelds" instance=ExtResource( 4 )]
transform = Transform( 0.861549, 0, 0.507673, 0, 1, 0, -0.507673, 0, 0.861549, -1.2104, 16.8925, -3.2889 )

[node name="HandHeld62" parent="Mountain2/HandHelds" instance=ExtResource( 4 )]
transform = Transform( 0.861549, 0, 0.507673, 0, 1, 0, -0.507673, 0, 0.861549, -1.2104, 16.8925, -3.2889 )

[node name="HandHeld63" parent="Mountain2/HandHelds" instance=ExtResource( 4 )]
transform = Transform( 0.861549, 0, 0.507673, 0, 1, 0, -0.507673, 0, 0.861549, -1.9025, 16.8925, -3.00515 )

[node name="HandHeld25" parent="Mountain2/HandHelds" instance=ExtResource( 4 )]
transform = Transform( 0.861549, 0, 0.507673, 0, 1, 0, -0.507673, 0, 0.861549, -1.20923, 17.4054, -3.49213 )

[node name="HandHeld26" parent="Mountain2/HandHelds" instance=ExtResource( 4 )]
transform = Transform( 0.567886, 0, 0.823106, 0, 1, 0, -0.823106, 0, 0.567886, -1.71056, 15.8363, -2.6354 )

[node name="HandHeld27" parent="Mountain2/HandHelds" instance=ExtResource( 4 )]
transform = Transform( 0.711216, 0, 0.702972, 0, 1, 0, -0.702972, 0, 0.711216, -0.667197, 17.6018, -3.71287 )

[node name="HandHeld28" parent="Mountain2/HandHelds" instance=ExtResource( 4 )]
transform = Transform( 0.719726, 0, 0.694256, 0, 1, 0, -0.694256, 0, 0.719726, -0.44144, 15.7448, -3.80347 )

[node name="HandHeld29" parent="Mountain2/HandHelds" instance=ExtResource( 4 )]
transform = Transform( 0.719726, 0, 0.694256, 0, 1, 0, -0.694256, 0, 0.719726, -1.92292, 17.8042, -3.25921 )

[node name="HandHeld64" parent="Mountain2/HandHelds" instance=ExtResource( 4 )]
transform = Transform( 0.914344, 0, 0.404934, 0, 1, 0, -0.404934, 0, 0.914344, -1.49733, 18.6254, -3.61692 )

[node name="HandHeld65" parent="Mountain2/HandHelds" instance=ExtResource( 4 )]
transform = Transform( 0.914344, 0, 0.404934, 0, 1, 0, -0.404934, 0, 0.914344, -2.02245, 18.6254, -3.3623 )

[node name="HandHeld66" parent="Mountain2/HandHelds" instance=ExtResource( 4 )]
transform = Transform( 0.914344, 0, 0.404934, 0, 1, 0, -0.404934, 0, 0.914344, -0.716998, 18.6254, -3.86004 )

[node name="HandHeld67" parent="Mountain2/HandHelds" instance=ExtResource( 4 )]
transform = Transform( 0.914344, 0, 0.404934, 0, 1, 0, -0.404934, 0, 0.914344, -1.17161, 19.7676, -3.83381 )

[node name="HandHeld68" parent="Mountain2/HandHelds" instance=ExtResource( 4 )]
transform = Transform( 0.914344, 0, 0.404934, 0, 1, 0, -0.404934, 0, 0.914344, -1.97377, 19.7676, -3.65951 )

[node name="HandHeld69" parent="Mountain2/HandHelds" instance=ExtResource( 4 )]
transform = Transform( 0.914344, 0, 0.404934, 0, 1, 0, -0.404934, 0, 0.914344, 0.0220444, 19.7676, -4.21874 )

[node name="HandHeld70" parent="Mountain2/HandHelds" instance=ExtResource( 4 )]
transform = Transform( 0.914344, 0, 0.404934, 0, 1, 0, -0.404934, 0, 0.914344, -2.38054, 19.7676, -3.43017 )

[node name="HandHeld30" parent="Mountain2/HandHelds" instance=ExtResource( 4 )]
transform = Transform( 0.719726, 0, 0.694256, 0, 1, 0, -0.694256, 0, 0.719726, -0.127486, 17.8042, -4.18219 )

[node name="HandHeld31" parent="Mountain2/HandHelds" instance=ExtResource( 4 )]
transform = Transform( 0.719726, 0, 0.694256, 0, 1, 0, -0.694256, 0, 0.719726, -1.12789, 21.1286, -4.46528 )

[node name="HandHeld32" parent="Mountain2/HandHelds" instance=ExtResource( 4 )]
transform = Transform( 0.719726, 0, 0.694256, 0, 1, 0, -0.694256, 0, 0.719726, -2.2321, 21.1286, -3.93711 )

[node name="HandHeld71" parent="Mountain2/HandHelds" instance=ExtResource( 4 )]
transform = Transform( 0.719726, 0, 0.694256, 0, 1, 0, -0.694256, 0, 0.719726, -2.32702, 21.9589, -3.91736 )

[node name="HandHeld72" parent="Mountain2/HandHelds" instance=ExtResource( 4 )]
transform = Transform( 0.719726, 0, 0.694256, 0, 1, 0, -0.694256, 0, 0.719726, -1.21815, 21.9589, -4.5438 )

[node name="HandHeld73" parent="Mountain2/HandHelds" instance=ExtResource( 4 )]
transform = Transform( 0.735221, 0, 0.677826, 0, 1, 0, -0.677826, 0, 0.735221, -0.60525, 21.9589, -4.96669 )

[node name="HandHeld33" parent="Mountain2/HandHelds" instance=ExtResource( 4 )]
transform = Transform( 0.719726, 0, 0.694256, 0, 1, 0, -0.694256, 0, 0.719726, -1.84227, 23.7446, -4.30791 )

[node name="HandHeld38" parent="Mountain2/HandHelds" instance=ExtResource( 4 )]
transform = Transform( 0.719726, 0, 0.694256, 0, 1, 0, -0.694256, 0, 0.719726, -1.77915, 22.2979, -4.24689 )

[node name="HandHeld34" parent="Mountain2/HandHelds" instance=ExtResource( 4 )]
transform = Transform( 0.719726, 0, 0.694256, 0, 1, 0, -0.694256, 0, 0.719726, -0.425714, 23.7439, -4.77165 )

[node name="HandHeld35" parent="Mountain2/HandHelds" instance=ExtResource( 4 )]
transform = Transform( 0.719726, 0, 0.694256, 0, 1, 0, -0.694256, 0, 0.719726, -2.52323, 24.4272, -4.02201 )

[node name="HandHeld36" parent="Mountain2/HandHelds" instance=ExtResource( 4 )]
transform = Transform( 0.719726, 0, 0.694256, 0, 1, 0, -0.694256, 0, 0.719726, -2.69211, 26.8845, -4.18765 )

[node name="HandHeld48" parent="Mountain2/HandHelds" instance=ExtResource( 4 )]
transform = Transform( 0.870698, 0, 0.491816, 0, 1, 0, -0.491816, 0, 0.870698, -1.63853, 28.304, -4.33432 )

[node name="HandHeld37" parent="Mountain2/HandHelds" instance=ExtResource( 4 )]
transform = Transform( 0.719726, 0, 0.694256, 0, 1, 0, -0.694256, 0, 0.719726, -0.946901, 26.8798, -4.34526 )

[node name="HandHeld121" parent="Mountain2/HandHelds" instance=ExtResource( 4 )]
transform = Transform( 0.719726, 0, 0.694256, 0, 1, 0, -0.694256, 0, 0.719726, -1.03101, 27.4909, -4.42143 )

[node name="HandHeld122" parent="Mountain2/HandHelds" instance=ExtResource( 4 )]
transform = Transform( 0.938492, 0, 0.345298, 0, 1, 0, -0.345298, 0, 0.938492, -1.80253, 27.4909, -4.30847 )

[node name="HandHeld123" parent="Mountain2/HandHelds" instance=ExtResource( 4 )]
transform = Transform( 0.938492, 0, 0.345298, 0, 1, 0, -0.345298, 0, 0.938492, -1.85917, 28.4471, -4.30104 )

[node name="HandHeld124" parent="Mountain2/HandHelds" instance=ExtResource( 4 )]
transform = Transform( 0.938492, 0, 0.345298, 0, 1, 0, -0.345298, 0, 0.938492, -2.6799, 28.4513, -4.38463 )

[node name="HandHeld125" parent="Mountain2/HandHelds" instance=ExtResource( 4 )]
transform = Transform( 0.938492, 0, 0.345298, 0, 1, 0, -0.345298, 0, 0.938492, -1.9105, 29.6327, -4.29764 )

[node name="HandHeld126" parent="Mountain2/HandHelds" instance=ExtResource( 4 )]
transform = Transform( 0.491222, 0, 0.871033, 0, 1, 0, -0.871033, 0, 0.491222, -1.534, 28.8666, -4.72935 )

[node name="HandHeld127" parent="Mountain2/HandHelds" instance=ExtResource( 4 )]
transform = Transform( 0.699213, 0, 0.714912, 0, 1, 0, -0.714912, 0, 0.699213, -1.83627, 30.9067, -4.26317 )

[node name="HandHeld74" parent="Mountain2/HandHelds" instance=ExtResource( 4 )]
transform = Transform( 0.719726, 0, 0.694256, 0, 1, 0, -0.694256, 0, 0.719726, -1.16595, 27.8212, -4.63734 )

[node name="HandHeld75" parent="Mountain2/HandHelds" instance=ExtResource( 4 )]
transform = Transform( 0.719726, 0, 0.694256, 0, 1, 0, -0.694256, 0, 0.719726, -2.22829, 27.8212, -4.32983 )

[node name="HandHeld76" parent="Mountain2/HandHelds" instance=ExtResource( 4 )]
transform = Transform( 0.719726, 0, 0.694256, 0, 1, 0, -0.694256, 0, 0.719726, -0.664696, 26.358, -4.86021 )

[node name="HandHeld77" parent="Mountain2/HandHelds" instance=ExtResource( 4 )]
transform = Transform( 0.719726, 0, 0.694256, 0, 1, 0, -0.694256, 0, 0.719726, -0.938411, 22.465, -4.74685 )

[node name="HandHeld119" parent="Mountain2/HandHelds" instance=ExtResource( 4 )]
transform = Transform( 0.954323, 0, 0.298775, 0, 1, 0, -0.298775, 0, 0.954323, -1.26152, 23.9046, -4.55855 )

[node name="HandHeld120" parent="Mountain2/HandHelds" instance=ExtResource( 4 )]
transform = Transform( 0.954323, 0, 0.298775, 0, 1, 0, -0.298775, 0, 0.954323, -1.48606, 23.2135, -4.4935 )

[node name="HandHeld78" parent="Mountain2/HandHelds" instance=ExtResource( 4 )]
transform = Transform( 0.719726, 0, 0.694256, 0, 1, 0, -0.694256, 0, 0.719726, -0.190637, 24.5056, -4.89429 )

[node name="HandHeld79" parent="Mountain2/HandHelds" instance=ExtResource( 4 )]
transform = Transform( 0.719726, 0, 0.694256, 0, 1, 0, -0.694256, 0, 0.719726, -2.002, 24.5056, -4.33224 )

[node name="HandHeld80" parent="Mountain2/HandHelds" instance=ExtResource( 4 )]
transform = Transform( 0.719726, 0, 0.694256, 0, 1, 0, -0.694256, 0, 0.719726, -2.38997, 26.7639, -4.2498 )

[node name="HandHeld81" parent="Mountain2/HandHelds" instance=ExtResource( 4 )]
transform = Transform( 0.719726, 0, 0.694256, 0, 1, 0, -0.694256, 0, 0.719726, -0.752458, 26.7639, -4.93933 )

[node name="HandHeld39" parent="Mountain2/HandHelds" instance=ExtResource( 4 )]
transform = Transform( 0.719726, 0, 0.694256, 0, 1, 0, -0.694256, 0, 0.719726, -0.822099, 27.5167, -5.09545 )

[node name="HandHeld47" parent="Mountain2/HandHelds" instance=ExtResource( 4 )]
transform = Transform( 0.719726, 0, 0.694256, 0, 1, 0, -0.694256, 0, 0.719726, -1.45372, 26.8419, -4.29812 )

[node name="HandHeld40" parent="Mountain2/HandHelds" instance=ExtResource( 4 )]
transform = Transform( 0.719726, 0, 0.694256, 0, 1, 0, -0.694256, 0, 0.719726, -1.68744, 30.3956, -4.28972 )

[node name="HandHeld99" parent="Mountain2/HandHelds" instance=ExtResource( 4 )]
transform = Transform( 0.719726, 0, 0.694256, 0, 1, 0, -0.694256, 0, 0.719726, -1.24024, 30.3956, -4.89661 )

[node name="HandHeld100" parent="Mountain2/HandHelds" instance=ExtResource( 4 )]
transform = Transform( 0.719726, 0, 0.694256, 0, 1, 0, -0.694256, 0, 0.719726, -1.38029, 29.8328, -4.8352 )

[node name="HandHeld101" parent="Mountain2/HandHelds" instance=ExtResource( 4 )]
transform = Transform( 0.719726, 0, 0.694256, 0, 1, 0, -0.694256, 0, 0.719726, -1.05924, 28.1458, -5.12839 )

[node name="HandHeld102" parent="Mountain2/HandHelds" instance=ExtResource( 4 )]
transform = Transform( 0.855534, 0, 0.517743, 0, 1, 0, -0.517743, 0, 0.855534, 0.0488145, 31.1651, -5.4275 )

[node name="HandHeld103" parent="Mountain2/HandHelds" instance=ExtResource( 4 )]
transform = Transform( 0.855534, 0, 0.517743, 0, 1, 0, -0.517743, 0, 0.855534, -0.459724, 32.5543, -5.07939 )

[node name="HandHeld104" parent="Mountain2/HandHelds" instance=ExtResource( 4 )]
transform = Transform( 0.849099, 0, 0.528231, 0, 1, 0, -0.528231, 0, 0.849099, -2.29442, 32.8675, -4.50545 )

[node name="HandHeld41" parent="Mountain2/HandHelds" instance=ExtResource( 4 )]
transform = Transform( 0.719726, 0, 0.694256, 0, 1, 0, -0.694256, 0, 0.719726, -3.14889, 30.3956, -4.01793 )

[node name="HandHeld42" parent="Mountain2/HandHelds" instance=ExtResource( 4 )]
transform = Transform( 0.719726, 0, 0.694256, 0, 1, 0, -0.694256, 0, 0.719726, -1.39143, 30.3956, -4.87098 )

[node name="HandHeld82" parent="Mountain2/HandHelds" instance=ExtResource( 4 )]
transform = Transform( 0.719726, 0, 0.694256, 0, 1, 0, -0.694256, 0, 0.719726, -1.57361, 31.1678, -4.5138 )

[node name="HandHeld83" parent="Mountain2/HandHelds" instance=ExtResource( 4 )]
transform = Transform( 0.719726, 0, 0.694256, 0, 1, 0, -0.694256, 0, 0.719726, -1.68978, 32.4971, -4.37581 )

[node name="HandHeld84" parent="Mountain2/HandHelds" instance=ExtResource( 4 )]
